-5.704024 -0.000000
-5.709962 0.019117
-5.709086 0.009396
-5.703759 -0.035678
-5.709911 0.087096
-5.695889 -0.131831
-5.708489 0.152239
-5.696947 -0.170513
-5.708907 0.116105
-5.708413 0.014625
-5.706736 -0.055398
-5.705999 -0.079511
-5.708040 0.065024
-5.706084 -0.098899
-5.707033 0.113850
-5.707844 0.043245
-5.708005 -0.023880
-5.707585 0.047659
-5.708081 0.004500
-5.708171 -0.004767
-5.708113 -0.000183
-5.707984 0.007092
-5.708490 -0.018980
-5.708830 -0.038632
-5.707428 0.011014
-5.707508 0.009225
-5.707299 0.012942
-5.706795 0.019643
-5.710117 -0.032034
-5.707287 0.000868
-5.710182 -0.018821
-5.699259 -0.003394
-5.482449 -0.062281
-5.060068 -0.224867
-3.962499 -0.646399
-2.250435 -1.236151
0.007921 -1.918700
1.823803 -2.407629
3.545992 -2.810907
4.451829 -2.976162
4.862688 -2.992898
4.570961 -2.799559
3.658480 -2.449391
2.712563 -2.155672
1.627828 -1.880498
0.081007 -1.542507
-1.477296 -1.237500
-2.845259 -1.006939
-3.836913 -0.882975
-4.837740 -0.817952
-5.557513 -0.839906
-5.500885 -0.956284
-4.858339 -1.114497
-3.445531 -1.371543
-4.505909 -1.067776
-4.801506 -0.897204
-4.938695 -0.780617
-5.182881 -0.482598
-5.250394 -0.365996
-5.332324 -0.175607
-5.394069 0.029058
-5.365304 -0.093010
-5.396985 0.078292
-5.400150 0.103867
-5.411839 0.273203
-5.412237 0.295242
-5.408539 0.429877
-5.415076 0.323212
-5.412671 0.351158
-5.440004 0.064986
-5.431231 0.144644
-5.471623 -0.195507
-5.426545 0.100839
-5.408170 0.178749
-5.474606 -0.077809
-5.426579 0.081227
-5.476529 -0.053574
-5.477314 -0.055427
-5.483015 -0.066182
-5.551230 -0.175944
-5.648993 -0.338489
-5.689224 -0.429202
-5.461206 -0.532344
-4.835653 -0.423204
-4.446028 -0.295308
-4.270983 -0.213346
-4.270816 -0.213241
-4.177161 -0.137641
-4.076886 -0.039375
-4.158902 -0.138393
-4.200186 -0.201484
-4.098047 -0.013640
-4.051189 0.087014
-4.079212 0.012053
-4.026072 0.191469
-4.059495 0.039351
-4.049294 0.112213
-4.060145 -0.062374
-4.061342 0.154088
-4.042247 -0.091019
